Debut	Fin	Code	NDVI_moyen_BV	NDVI_minimum_BV	NDVI_maximum_BV	NDVI_moyen_Tourbiere_Landemarais	NDVI_minimum_Tourbiere_Landemarais	NDVI_maximum_Tourbiere_Landemarais	NDVI_moyen_Marais_Sougeal	NDVI_minimum_Marais_Sougeal	NDVI_maximum_Marais_Sougeal															
2022-01-01	2022-01-16	1	0,686	-0,128	0,994	0,708	0,689	0,733	0,54	-0,128	0,802															
2022-01-17	2022-02-01	17	0,685	0,172	0,995	0,619	0,561	0,697	0,755	0,621	0,86															
2022-02-02	2022-02-17	33	0,681	0,285	0,878	0,697	0,672	0,725	0,712	0,559	0,82															
2022-02-18	2022-03-05	49	0,701	0,236	0,879	0,694	0,666	0,729	0,752	0,655	0,817															
2022-03-06	2022-03-21	65	0,681	0,153	0,878	0,704	0,641	0,748	0,733	0,629	0,794															
2022-03-22	2022-04-06	81	0,699	0,162	0,896	0,66	0,604	0,739	0,782	0,635	0,865															
2022-04-07	2022-04-22	97	0,706	0,175	0,905	0,667	0,608	0,745	0,794	0,65	0,848															
2022-04-23	2022-05-08	113	0,663	0,123	0,925	0,72	0,631	0,777	0,821	0,654	0,901															
2022-05-09	2022-05-24	129	0,656	0,164	0,947	0,734	0,682	0,788	0,793	0,728	0,88															
2022-05-25	2022-06-09	145	0,669	0,051	0,996	0,761	0,757	0,769	0,772	0,693	0,841															
2022-06-10	2022-06-25	161	0,663	0,065	0,93	0,745	0,723	0,775	0,74	0,616	0,829															
2022-06-26	2022-07-11	177	0,659	0,056	0,931	0,788	0,746	0,853	0,695	0,615	0,786															
2022-07-12	2022-07-27	193	0,567	0,23	0,923	0,726	0,63	0,781	0,581	0,478	0,671															
2022-07-28	2022-08-12	209	0,547	0,16	0,924	0,716	0,68	0,757	0,549	0,449	0,661															
2022-08-13	2022-08-28	225	0,599	0,165	0,928	0,653	0,591	0,698	0,651	0,533	0,717															
2022-08-29	2022-09-13	241	0,626	0,142	0,942	0,781	0,746	0,828	0,672	0,534	0,792															
2022-09-14	2022-09-29	257	0,594	0,132	0,888	0,664	0,568	0,727	0,717	0,595	0,78															
2022-09-30	2022-10-15	273	0,69	0,128	0,956	0,734	0,68	0,781	0,817	0,669	0,847															
2022-10-16	2022-10-31	289	0,708	0,186	0,959	0,755	0,715	0,788	0,81	0,748	0,836															
2022-11-01	2022-11-16	305	0,725	0,244	0,961	0,776	0,749	0,795	0,83	0,756	0,869															
2022-11-17	2022-12-02	321	0,74	0,284	0,891	0,767	0,727	0,797	0,832	0,779	0,871															
2022-12-03	2022-12-18	337	0,719	0,228	0,9	0,741	0,674	0,78	0,791	0,745	0,832															
2022-12-19	2022-01-03	353	0,707	0,047	0,942	0,705	0,662	0,765	0,769	0,7	0,818															
2021-01-01	2021-01-16	1	0,675	0,054	0,993	0,584	0,514	0,621	0,51	0,254	0,737															
2021-01-17	2021-02-01	17	0,659	0,074	0,967	0,605	0,536	0,668	0,642	0,302	0,805															
2021-02-02	2021-02-17	33	0,668	0,138	0,994	0,633	0,554	0,715	0,668	0,449	0,778															
2021-02-18	2021-03-05	49	0,667	0,201	0,877	0,661	0,572	0,762	0,693	0,595	0,751															
2021-03-06	2021-03-21	65	0,676	0,146	0,886	0,685	0,632	0,723	0,726	0,612	0,806															
2021-03-22	2021-04-06	81	0,676	0,126	0,876	0,678	0,606	0,732	0,734	0,631	0,818															
2021-04-07	2021-04-22	97	0,686	0,204	0,924	0,669	0,642	0,716	0,767	0,616	0,835															
2021-04-23	2021-05-08	113	0,64	0,112	0,95	0,705	0,632	0,728	0,762	0,637	0,848															
2021-05-09	2021-05-24	129	0,683	0,073	0,999	0,668	0,541	0,773	0,802	0,71	0,889															
2021-05-25	2021-06-09	145	0,708	0,201	0,941	0,851	0,824	0,89	0,838	0,765	0,878															
2021-06-10	2021-06-25	161	0,633	0,177	0,931	0,761	0,622	0,852	0,785	0,684	0,822															
2021-06-26	2021-07-11	177	0,683	0,143	0,934	0,775	0,672	0,851	0,791	0,724	0,831															
2021-07-12	2021-07-27	193	0,736	0,244	0,976	0,789	0,721	0,849	0,795	0,737	0,834															
2021-07-28	2021-08-12	209	0,727	0,053	0,999	0,843	0,822	0,866	0,842	0,722	0,906															
2021-08-13	2021-08-28	225	0,772	0,18	0,928	0,782	0,74	0,808	0,816	0,773	0,88															
2021-08-29	2021-09-13	241	0,746	0,215	0,919	0,762	0,677	0,826	0,802	0,734	0,84															
2021-09-14	2021-09-29	257	0,735	0,08	0,998	0,782	0,74	0,817	0,794	0,451	0,894															
2021-09-30	2021-10-15	273	0,731	0,236	0,925	0,813	0,783	0,84	0,825	0,78	0,858															
2021-10-16	2021-10-31	289	0,674	0,222	0,898	0,781	0,731	0,804	0,783	0,693	0,821															
2021-11-01	2021-11-16	305	0,651	0,169	0,878	0,706	0,605	0,759	0,782	0,726	0,882															
2021-11-17	2021-12-02	321	0,656	0,189	0,87	0,694	0,671	0,728	0,758	0,627	0,807															
2021-12-03	2021-12-18	337	0,645	0,185	0,971	0,73	0,668	0,802	0,666	0,494	0,781															
2021-12-19	2021-01-03	353	0,66	0,119	0,982	0,657	0,591	0,712	0,588	0,274	0,759															
2020-01-01	2020-01-16	1	0,614	0,056	0,997	0,684	0,627	0,726	0,583	0,247	0,678															
2020-01-17	2020-02-01	17	0,656	0,184	0,88	0,717	0,795	0,779	0,698	0,579	0,752															
2020-02-02	2020-02-17	33	0,708	0,153	0,883	0,705	0,644	0,791	0,562	0,153	0,777															
2020-02-18	2020-03-05	49	0,705	0,116	0,999	0,67	0,627	0,788	0,645	0,432	0,794															
2020-03-06	2020-03-21	65	0,699	0,169	0,967	0,739	0,706	0,785	0,673	0,533	0,771															
2020-03-22	2020-04-06	81	0,692	0,149	0,89	0,7	0,591	0,797	0,734	0,638	0,804															
2020-04-07	2020-04-22	97	0,669	0,143	0,889	0,734	0,652	0,794	0,737	0,628	0,854															
2020-04-23	2020-05-08	113	0,664	0,112	0,904	0,738	0,629	0,839	0,749	0,624	0,878															
2020-05-09	2020-05-24	129	0,67	0,14	0,931	0,809	0,732	0,85	0,806	0,715	0,881															
2020-05-25	2020-06-09	145	0,63	0,124	0,93	0,747	0,699	0,793	0,757	0,64	0,838															
2020-06-10	2020-06-25	161	0,716	0,054	0,93	0,802	0,775	0,83	0,803	0,745	0,837															
2020-06-26	2020-07-11	177	0,717	0,197	0,948	0,787	0,765	0,801	0,773	0,716	0,811															
2020-07-12	2020-07-27	193	0,705	0,22	0,921	0,804	0,786	0,822	0,788	0,715	0,837															
2020-07-28	2020-08-12	209	0,673	0,231	0,953	0,783	0,773	0,79	0,752	0,686	0,808															
2020-08-13	2020-08-28	225	0,639	0,06	0,995	0,715	0,646	0,741	0,727	0,616	0,813															
2020-08-29	2020-09-13	241	0,726	0,271	0,923	0,727	0,629	0,804	0,816	0,779	0,852															
2020-09-14	2020-09-29	257	0,669	0,137	0,941	0,776	0,765	0,791	0,785	0,706	0,826															
2020-09-30	2020-10-15	273	0,656	0,109	0,966	0,768	0,735	0,794	0,783	0,714	0,823															
2020-10-16	2020-10-31	289	0,643	0,043	0,991	0,759	0,704	0,796	0,75	0,721	0,819															
2020-11-01	2020-11-16	305	0,676	0,216	0,907	0,722	0,692	0,769	0,794	0,734	0,823															
2020-11-17	2020-12-02	321	0,671	0,184	0,872	0,672	0,621	0,767	0,766	0,692	0,806															
2020-12-03	2020-12-18	337	0,683	0,152	0,935	0,741	0,679	0,82	0,638	0,595	0,791															
2020-12-19	2020-01-03	353	0,694	0,119	0,998	0,806	0,732	0,873	0,574	0,497	0,774															
2019-01-01	2019-01-16	1	0,663	0,124	0,98	0,69	0,63	0,732	0,693	0,62	0,759															
2019-01-17	2019-02-01	17	0,711	0,054	0,978	0,736	0,695	0,772	0,774	0,717	0,805															
2019-02-02	2019-02-17	33	0,688	0,33	0,872	0,738	0,711	0,77	0,523	0,033	0,774															
2019-02-18	2019-03-05	49	0,673	0,219	0,872	0,687	0,63	0,764	0,714	0,599	0,791															
2019-03-06	2019-03-21	65	0,711	0,099	0,998	0,761	0,731	0,833	0,75	0,528	0,867															
2019-03-22	2019-04-06	81	0,714	0,17	0,898	0,738	0,705	0,77	0,788	0,684	0,858															
2019-04-07	2019-04-22	97	0,713	0,145	0,905	0,723	0,692	0,763	0,812	0,744	0,871															
2019-04-23	2019-05-08	113	0,698	0,084	0,994	0,699	0,633	0,804	0,771	0,654	0,822															
2019-05-09	2019-05-24	129	0,668	0,133	0,952	0,779	0,737	0,831	0,791	0,683	0,872															
2019-05-25	2019-06-09	145	0,65	0,088	0,97	0,788	0,689	0,831	0,772	0,649	0,824															
2019-06-10	2019-06-25	161	0,667	0,126	0,922	0,771	0,694	0,817	0,781	0,698	0,832															
2019-06-26	2019-07-11	177	0,672	0,228	0,916	0,794	0,761	0,822	0,763	0,646	0,793															
2019-07-12	2019-07-27	193	0,663	0,183	0,916	0,784	0,754	0,813	0,756	0,691	0,797															
2019-07-28	2019-08-12	209	0,666	0,237	0,918	0,805	0,786	0,821	0,751	0,697	0,807															
2019-08-13	2019-08-28	225	0,68	0,214	0,987	0,775	0,737	0,818	0,749	0,669	0,84															
2019-08-29	2019-09-13	241	0,674	0,111	0,99	0,74	0,703	0,797	0,758	0,67	0,839															
2019-09-14	2019-09-29	257	0,609	0,164	0,896	0,697	0,678	0,751	0,712	0,615	0,786															
2019-09-30	2019-10-15	273	0,532	0,022	0,998	0,696	0,671	0,739	0,718	0,626	0,767															
2019-10-16	2019-10-31	289	0,662	0,145	0,932	0,695	0,664	0,727	0,724	0,637	0,747															
2019-11-01	2019-11-16	305	0,682	0,035	0,978	0,732	0,65	0,793	0,729	0,622	0,754															
2019-11-17	2019-12-02	321	0,698	-0,013	0,998	0,674	0,598	0,745	0,734	0,607	0,812															
2019-12-03	2019-12-18	337	0,636	0,199	0,864	0,685	0,609	0,757	0,672	0,517	0,761															
2019-12-19	2019-01-03	353	0,643	0,233	0,861	0,658	0,643	0,668	0,628	0,427	0,768															
2018-01-01	2018-01-16	1	0,681	-0,152	0,917	0,728	0,654	0,792	0,412	-0,151	0,747															
2018-01-17	2018-02-01	17	0,67	0,05	0,997	0,619	0,389	0,757	0,419	0,166	0,73															
2018-02-02	2018-02-17	33	0,692	0,277	0,955	0,676	0,646	0,713	0,666	0,577	0,729															
2018-02-18	2018-03-05	49	0,667	0,198	0,881	0,662	0,562	0,753	0,648	0,479	0,766															
2018-03-06	2018-03-21	65	0,613	0,014	0,997	0,607	0,587	0,64	0,667	0,238	0,792															
2018-03-22	2018-04-06	81	0,659	0,086	0,957	0,637	0,54	0,685	0,728	0,591	0,835															
2018-04-07	2018-04-22	97	0,682	0,244	0,904	0,719	0,654	0,746	0,721	0,623	0,823															
2018-04-23	2018-05-08	113	0,689	0,172	0,964	0,749	0,697	0,8	0,776	0,613	0,879															
2018-05-09	2018-05-24	129	0,669	0,141	0,952	0,77	0,73	0,791	0,791	0,654	0,887															
2018-05-25	2018-06-09	145	0,648	0,062	0,999	0,807	0,742	0,932	0,855	0,735	0,923															
2018-06-10	2018-06-25	161	0,671	0,231	0,919	0,779	0,674	0,809	0,68	0,571	0,783															
2018-06-26	2018-07-11	177	0,713	0,22	0,923	0,779	0,743	0,798	0,684	0,616	0,765															
2018-07-12	2018-07-27	193	0,684	0,221	0,918	0,752	0,725	0,768	0,692	0,632	0,764															
2018-07-28	2018-08-12	209	0,646	0,105	0,91	0,75	0,732	0,783	0,665	0,557	0,749															
2018-08-13	2018-08-28	225	0,679	0,137	0,898	0,746	0,693	0,762	0,722	0,632	0,748															
2018-08-29	2018-09-13	241	0,686	0,199	0,992	0,792	0,763	0,827	0,742	0,693	0,795															
2018-09-14	2018-09-29	257	0,57	0,19	0,882	0,681	0,656	0,692	0,705	0,604	0,751															
2018-09-30	2018-10-15	273	0,592	0,207	0,881	0,696	0,669	0,738	0,678	0,63	0,724															
2018-10-16	2018-10-31	289	0,613	0,176	0,886	0,719	0,668	0,76	0,698	0,66	0,747															
2018-11-01	2018-11-16	305	0,629	0,174	0,86	0,69	0,646	0,707	0,674	0,629	0,728															
2018-11-17	2018-12-02	321	0,628	0,159	0,877	0,673	0,649	0,719	0,654	0,61	0,7															
2018-12-03	2018-12-18	337	0,649	0,196	0,925	0,701	0,645	0,73	0,693	0,607	0,731															
2018-12-19	2018-01-03	353	0,663	0,262	0,855	0,69	0,639	0,732	0,717	0,638	0,749															
2017-01-01	2017-01-16	1	0,632	0,196	0,864	0,631	0,597	0,679	0,685	0,622	0,741															
2017-01-17	2017-02-01	17	0,623	0,182	0,852	0,608	0,559	0,661	0,666	0,603	0,734															
2017-02-02	2017-02-17	33	0,591	0,184	0,815	0,528	0,304	0,684	0,632	0,549	0,7															
2017-02-18	2017-03-05	49	0,633	0,212	0,793	0,613	0,604	0,638	0,625	0,591	0,667															
2017-03-06	2017-03-21	65	0,702	0,238	0,892	0,661	0,619	0,711	0,758	0,665	0,83															
2017-03-22	2017-04-06	81	0,712	0,16	0,903	0,693	0,655	0,755	0,799	0,689	0,84															
2017-04-07	2017-04-22	97	0,698	0,143	0,901	0,689	0,637	0,763	0,79	0,688	0,874															
2017-04-23	2017-05-08	113	0,677	0,138	0,997	0,635	0,627	0,653	0,749	0,67	0,836															
2017-05-09	2017-05-24	129	0,695	0,167	0,914	0,738	0,713	0,771	0,776	0,717	0,835															
2017-05-25	2017-06-09	145	0,673	0,176	0,956	0,792	0,768	0,818	0,781	0,585	8,83															
2017-06-10	2017-06-25	161	0,708	0,176	0,926	0,808	0,8	0,828	0,778	0,724	0,827															
2017-06-26	2017-07-11	177	0,685	0,221	0,923	0,784	0,768	0,835	0,753	0,676	0,812															
2017-07-12	2017-07-27	193	0,673	0,06	0,995	0,784	0,742	0,812	0,601	0,207	0,811															
2017-07-28	2017-08-12	209	0,671	0,06	0,998	0,865	0,853	0,883	0,814	0,763	0,87															
2017-08-13	2017-08-28	225	0,681	0,202	0,999	0,716	0,701	0,743	0,794	0,483	0,853															
2017-08-29	2017-09-13	241	0,677	0,064	0,998	0,74	0,648	0,796	0,65	0,624	0,675															
2017-09-14	2017-09-29	257	0,715	0,071	0,998	0,759	0,749	0,76	0,831	0,676	0,866															
2017-09-30	2017-10-15	273	0,673	0,06	0,967	0,692	0,642	0,721	0,7	0,369	0,835															
2017-10-16	2017-10-31	289	0,686	0,252	0,988	0,733	0,711	0,752	0,76	0,594	0,862															
2017-11-01	2017-11-16	305	0,68	0,288	0,892	0,712	0,655	0,771	0,791	0,693	0,835															
2017-11-17	2017-12-02	321	0,651	0,155	0,975	0,681	0,632	0,715	0,757	0,51	0,883															
2017-12-03	2017-12-18	337	0,631	-0,08	0,997	0,704	0,65	0,758	0,745	0,576	0,786															
2017-12-19	2017-01-03	353	0,57	-0,121	0,987	0,497	0,434	0,627	0,489	-0,121	0,727															
2016-01-01	2016-01-16	1	0,756	0,143	0,933	0,695	0,613	0,809	0,833	0,632	0,909															
2016-01-17	2016-02-01	17	0,598	0,01	0,994	0,621	0,578	0,779	0,703	0,515	0,793															
2016-02-02	2016-02-17	33	0,74	0,304	0,914	0,723	0,697	0,756	0,686	0,396	0,833															
2016-02-18	2016-03-05	49	0,712	0,12	0,968	0,707	0,654	0,773	0,739	0,279	0,893															
2016-03-06	2016-03-21	65	0,674	-0,129	0,945	0,676	0,625	0,703	0,306	-0,129	0,729															
2016-03-22	2016-04-06	81	0,625	0,046	0,997	0,573	0,391	0,74	0,627	0,257	0,82															
2016-04-07	2016-04-22	97	0,699	0,136	0,908	0,702	0,627	0,771	0,8	0,684	0,868															
2016-04-23	2016-05-08	113	0,645	0,115	0,985	0,626	0,535	0,702	0,809	0,686	0,871															
2016-05-09	2016-05-24	129	0,572	0,049	0,999	0,31	0,08	0,615	0,681	0,189	0,847															
2016-05-25	2016-06-09	145	0,671	0,112	0,992	0,637	0,483	0,742	0,843	0,77	0,876															
2016-06-10	2016-06-25	161	0,521	0,022	0,998	0,433	0,23	0,712	0,475	0,137	0,823															
2016-06-26	2016-07-11	177	0,693	0,317	0,905	0,761	0,748	0,779	0,777	0,706	0,816															
2016-07-12	2016-07-27	193	0,669	0,194	0,918	0,799	0,785	0,821	0,789	0,716	0,827															
2016-07-28	2016-08-12	209	0,709	0,095	0,984	0,833	0,797	0,882	0,734	0,276	0,84															
2016-08-13	2016-08-28	225	0,699	0,223	0,919	0,805	0,741	0,863	0,735	0,632	0,785															
2016-08-29	2016-09-13	241	0,658	0,197	0,904	0,788	0,724	0,84	0,698	0,649	0,768															
2016-09-14	2016-09-29	257	0,619	0,105	0,998	0,757	0,723	0,791	0,69	0,536	0,751															
2016-09-30	2016-10-15	273	0,596	0,121	0,936	0,714	0,679	0,752	0,668	0,561	0,728															
2016-10-16	2016-10-31	289	0,573	0,137	0,874	0,67	0,635	0,713	0,646	0,586	0,705															
2016-11-01	2016-11-16	305	0,604	0,166	0,929	0,688	0,65	0,74	0,672	0,594	0,723															
2016-11-17	2016-12-02	321	0,622	0,183	0,875	0,636	0,587	0,719	0,677	0,57	0,749															
2016-12-03	2016-12-18	337	0,592	0,161	0,89	0,636	0,601	0,688	0,625	0,513	0,692															
2016-12-19	2016-01-03	353	0,65	0,223	0,875	0,632	0,604	0,706	0,683	0,596	0,735															
2015-01-01	2015-01-16	1	0,685	0,162	0,917	0,767	0,63	0,827	0,773	0,677	0,827															
2015-01-17	2015-02-01	17	0,645	0,11	0,96	0,679	0,632	0,727	0,714	0,536	0,822															
2015-02-02	2015-02-17	33	0,603	-0,128	0,868	0,616	0,566	0,661	0,471	-0,128	0,733															
2015-02-18	2015-03-05	49	0,603	0,14	0,974	0,622	0,576	0,674	0,582	0,158	0,713															
2015-03-06	2015-03-21	65	0,592	0,11	0,98	0,611	0,595	0,643	0,537	0,25	0,726															
2015-03-22	2015-04-06	81	0,699	0,144	0,908	0,737	0,696	0,795	0,795	0,709	0,87															
2015-04-07	2015-04-22	97	0,68	0,15	0,904	0,695	0,646	0,752	0,809	0,724	0,875															
2015-04-23	2015-05-08	113	0,678	0,182	0,916	0,698	0,554	0,824	0,833	0,677	0,874															
2015-05-09	2015-05-24	129	0,696	0,142	0,961	0,845	0,813	0,867	0,83	0,771	0,904															
2015-05-25	2015-06-09	145	0,586	-0,2	0,999	0,76	0,69	0,786	0,842	0,736	0,892															
2015-06-10	2015-06-25	161	0,574	-0,2	0,998	0,767	0,63	0,827	0,773	0,677	0,827															
2015-06-26	2015-07-11	177	0,71	0,148	0,915	0,803	0,785	0,817	0,781	0,733	0,814															
2015-07-12	2015-07-27	193	0,642	0,04	0,998	0,805	0,798	0,81	0,733	0,3	0,853															
2015-07-28	2015-08-12	209	0,693	0,218	0,933	0,781	0,749	0,8	0,744	0,655	0,837															
2015-08-13	2015-08-28	225	0,713	0,168	0,944	0,813	0,786	0,845	0,762	0,651	0,842															
2015-08-29	2015-09-13	241	0,717	0,169	0,904	0,739	0,67	0,786	0,763	0,611	0,829															
2015-09-14	2015-09-29	257	0,733	0,232	0,997	0,782	0,736	0,827	0,789	0,75	0,839															
2015-09-30	2015-10-15	273	0,711	0,224	0,901	0,748	0,739	0,764	0,77	0,714	0,807															
2015-10-16	2015-10-31	289	0,655	0,969	0,123	0,743	0,672	0,767	0,729	0,602	0,782															
2015-11-01	2015-11-16	305	0,69	0,176	0,878	0,728	0,685	0,777	0,768	0,646	0,819															
2015-11-17	2015-12-02	321	0,706	0,208	0,893	0,714	0,637	0,786	0,791	0,661	0,845															
2015-12-03	2015-12-18	337	0,726	0,196	0,905	0,737	0,703	0,784	0,801	0,695	0,851															
2015-12-19	2015-01-03	353	0,72	0,227	0,896	0,701	0,61	0,763	0,791	0,634	0,847															
2014-01-01	2014-01-16	1	0,653	0,101	0,992	0,689	0,618	0,749	0,401	0,101	0,676															
2014-01-17	2014-02-01	17	0,645	0,128	0,992	0,658	0,6	0,707	0,512	0,287	0,783															
2014-02-02	2014-02-17	33	0,642	-0,199	0,9	0,632	0,565	0,719	0,254	-0,133	0,641															
2014-02-18	2014-03-05	49	0,67	0,134	0,982	0,677	0,604	0,725	0,6	0,324	0,747															
2014-03-06	2014-03-21	65	0,682	-0,081	0,896	0,711	0,645	0,773	0,593	-0,081	0,732															
2014-03-22	2014-04-06	81	0,646	0,113	0,978	0,648	0,539	0,743	0,627	0,578	0,689															
2014-04-07	2014-04-22	97	0,678	0,211	0,963	0,712	0,636	0,795	0,779	0,682	0,859															
2014-04-23	2014-05-08	113	0,708	0,048	0,995	0,76	0,721	0,818	0,846	0,781	0,898															
2014-05-09	2014-05-24	129	0,671	0,123	0,939	0,736	0,697	0,794	0,83	0,751	0,882															
2014-05-25	2014-06-09	145	0,664	0,008	0,989	0,764	0,678	0,835	0,812	0,754	0,847															
2014-06-10	2014-06-25	161	0,645	0,097	0,933	0,748	0,73	0,782	0,758	0,681	0,832															
2014-06-26	2014-07-11	177	0,697	0,145	0,938	0,828	0,791	0,859	0,751	0,665	0,815															
2014-07-12	2014-07-27	193	0,727	0,158	0,92	0,82	0,771	0,865	0,77	0,712	0,834															
2014-07-28	2014-08-12	209	0,69	0,06	0,992	0,71	0,477	0,88	0,7	0,543	0,802															
2014-08-13	2014-08-28	225	0,725	0,094	0,994	0,796	0,783	0,824	0,777	0,654	0,834															
2014-08-29	2014-09-13	241	0,754	0,22	0,921	0,778	0,701	0,861	0,803	0,693	0,843															
2014-09-14	2014-09-29	257	0,742	0,225	0,9	0,734	0,658	0,794	0,773	0,729	0,818															
2014-09-30	2014-10-15	273	0,718	0,12	0,995	0,783	0,737	0,82	0,78	0,731	0,804															
2014-10-16	2014-10-31	289	0,669	0,215	0,872	0,754	0,72	0,785	0,78	0,722	0,821															
2014-11-01	2014-11-16	305	0,657	0,145	0,863	0,728	0,62	0,778	0,751	0,697	0,791															
2014-11-17	2014-12-02	321	0,635	0,039	0,992	0,705	0,673	0,72	0,719	0,652	0,785															
2014-12-03	2014-12-18	337	0,702	0,134	0,966	0,737	0,679	0,796	0,811	0,758	0,853															
2014-12-19	2014-01-03	353	0,674	0,221	0,885	0,701	0,604	0,763	0,746	0,621	0,846															
2013-01-01	2013-01-16	1	0,604	-0,012	0,997	0,641	0,568	0,707	0,277	0,148	0,542															
2013-01-17	2013-02-01	17	0,647	0,21	0,862	0,674	0,581	0,759	0,62	0,457	0,767															
2013-02-02	2013-02-17	33	0,632	-0,186	0,969	0,633	0,521	0,736	0,257	-0,101	0,675															
2013-02-18	2013-03-05	49	0,607	0,174	0,844	0,639	0,591	0,702	0,499	0,174	0,658															
2013-03-06	2013-03-21	65	0,611	-0,187	0,998	0,56	0,176	0,693	0,559	0,33	0,693															
2013-03-22	2013-04-06	81	0,615	0,123	0,86	0,643	0,589	0,686	0,619	0,485	0,728															
2013-04-07	2013-04-22	97	0,67	0,069	0,947	0,739	0,717	0,769	0,719	0,606	0,816															
2013-04-23	2013-05-08	113	0,687	0,114	0,922	0,729	0,654	0,784	0,768	0,685	0,853															
2013-05-09	2013-05-24	129	0,581	0,036	0,998	0,457	0,235	0,649	0,812	0,718	0,884															
2013-05-25	2013-06-09	145	0,656	0,142	0,979	0,77	0,693	0,815	0,812	0,734	0,862															
2013-06-10	2013-06-25	161	0,532	0,075	0,997	0,363	0,299	0,457	0,651	0,378	0,958															
2013-06-26	2013-07-11	177	0,682	0,22	0,928	0,774	0,744	0,804	0,767	0,682	0,816															
2013-07-12	2013-07-27	193	0,683	0,226	0,999	0,787	0,778	0,816	0,717	0,618	0,772															
2013-07-28	2013-08-12	209	0,718	0,127	0,975	0,801	0,749	0,866	0,773	0,708	0,821															
2013-08-13	2013-08-28	225	0,714	0,248	0,971	0,812	0,784	0,831	0,761	0,695	0,801															
2013-08-29	2013-09-13	241	0,678	0,226	0,912	0,754	0,673	0,804	0,701	0,638	0,743															
2013-09-14	2013-09-29	257	0,701	0,15	0,917	0,793	0,771	0,812	0,744	0,681	0,783															
2013-09-30	2013-10-15	273	0,702	0,036	0,998	0,816	0,788	0,846	0,821	0,775	0,843															
2013-10-16	2013-10-31	289	0,69	0,159	0,908	0,801	0,793	0,808	0,813	0,751	0,85															
2013-11-01	2013-11-16	305	0,674	0,214	0,884	0,771	0,698	0,815	0,762	0,696	0,792															
2013-11-17	2013-12-02	321	0,655	0,151	0,873	0,731	0,615	0,798	0,771	0,66	0,82															
2013-12-03	2013-12-18	337	0,634	0,196	0,824	0,672	0,628	0,723	0,712	0,608	0,765															
2013-12-19	2013-01-03	353	0,634	0,196	0,824	0,672	0,628	0,723	0,712	0,608	0,765															
2012-01-01	2012-01-16	1	0,725	0,232	0,945	0,71	0,63	0,76	0,766	0,661	0,833															
2012-01-17	2012-02-01	17	0,698	0,236	0,902	0,674	0,651	0,685	0,763	0,688	0,822															
2012-02-02	2012-02-17	33	0,525	-0,024	0,895	0,621	0,577	0,658	0,697	0,442	0,781															
2012-02-18	2012-03-05	49	0,629	0,156	0,838	0,63	0,518	0,695	0,688	0,581	0,779															
2012-03-06	2012-03-21	65	0,668	0,169	0,854	0,633	0,608	0,661	0,729	0,622	0,804															
2012-03-22	2012-04-06	81	0,687	0,188	0,894	0,676	0,624	0,706	0,772	0,687	0,847															
2012-04-07	2012-04-22	97	0,685	0,036	0,986	0,66	0,552	0,711	0,786	0,683	0,854															
2012-04-23	2012-05-08	113	0,679	0,046	0,998	0,778	0,743	0,826	0,738	0,627	0,879															
2012-05-09	2012-05-24	129	0,711	0,185	0,953	0,775	0,716	0,817	0,827	0,735	0,875															
2012-05-25	2012-06-09	145	0,66	0,157	0,914	0,787	0,723	0,823	0,795	0,703	0,849															
2012-06-10	2012-06-25	161	0,611	0,027	0,996	0,768	0,746	0,802	0,711	0,212	0,91															
2012-06-26	2012-07-11	177	0,635	0,017	0,999	0,607	0,307	0,805	0,635	0,232	0,808															
2012-07-12	2012-07-27	193	0,687	0,235	0,908	0,755	0,706	0,818	0,705	0,551	0,773															
2012-07-28	2012-08-12	209	0,72	0,164	0,932	0,785	0,753	0,833	0,739	0,683	0,787															
2012-08-13	2012-08-28	225	0,713	0,311	0,957	0,794	0,767	0,829	0,729	0,685	0,771															
2012-08-29	2012-09-13	241	0,695	0,181	0,922	0,783	0,699	0,861	0,758	0,711	0,788															
2012-09-14	2012-09-29	257	0,682	0,122	0,998	0,774	0,749	0,808	0,737	0,677	0,845															
2012-09-30	2012-10-15	273	0,707	0,095	0,997	0,782	0,745	0,801	0,731	0,681	0,76															
2012-10-16	2012-10-31	289	0,69	0,173	0,927	0,735	0,633	0,822	0,775	0,66	0,83															
2012-11-01	2012-11-16	305	0,685	0,216	0,876	0,745	0,708	0,775	0,772	0,735	0,797															
2012-11-17	2012-12-02	321	0,655	0,181	0,884	0,692	0,648	0,728	0,755	0,696	0,803															
2012-12-03	2012-12-18	337	0,617	0,15	0,991	0,633	0,57	0,718	0,608	0,406	0,726															
2012-12-19	2012-01-03	353	0,568	-0,012	0,995	0,678	0,619	0,76	0,341	0,106	0,809															
2003-01-01	2003-01-16	1	0,665	-0,091	0,889	0,624	0,521	0,733	0,354	-0,091	0,584															
2003-01-17	2003-02-01	17	0,593	0,147	0,921	0,632	0,556	0,719	0,657	0,518	0,74															
2003-02-02	2003-02-17	33	0,547	0,087	0,953	0,579	0,537	0,637	0,563	0,314	0,72															
2003-02-18	2003-03-05	49	0,529	0,167	0,752	0,589	0,517	0,642	0,633	0,488	0,695															
2003-03-06	2003-03-21	65	0,583	0,142	0,825	0,58	0,512	0,674	0,682	0,599	0,753															
2003-03-22	2003-04-06	81	0,642	0,137	0,881	0,66	0,608	0,712	0,738	0,596	0,829															
2003-04-07	2003-04-22	97	0,646	0,163	0,882	0,703	0,674	0,742	0,739	0,641	0,808															
2003-04-23	2003-05-08	113	0,637	0,118	0,924	0,751	0,691	0,798	0,801	0,699	0,85															
2003-05-09	2003-05-24	129	0,644	0,068	0,997	0,803	0,722	0,851	0,723	0,12	0,879															
2003-05-25	2003-06-09	145	0,701	0,096	0,996	0,834	0,809	0,862	0,791	0,622	0,86															
2003-06-10	2003-06-25	161	0,693	0,199	0,926	0,818	0,786	0,83	0,792	0,712	0,837															
2003-06-26	2003-07-11	177	0,704	0,26	0,928	0,796	0,78	0,806	0,72	0,632	0,788															
2003-07-12	2003-07-27	193	0,651	0,229	0,911	0,783	0,738	0,826	0,667	0,562	0,758															
2003-07-28	2003-08-12	209	0,698	0,216	0,914	0,808	0,792	0,827	0,732	0,638	0,787															
2003-08-13	2003-08-28	225	0,64	0,198	0,997	0,718	0,607	0,751	0,652	0,595	0,713															
2003-08-29	2003-09-13	241	0,545	0,168	0,901	0,709	0,556	0,753	0,597	0,528	0,68															
2003-09-14	2003-09-29	257	0,529	0,179	0,908	0,754	0,723	0,79	0,617	0,53	0,735															
2003-09-30	2003-10-15	273	0,584	0,115	0,954	0,722	0,702	0,752	0,663	0,525	0,733															
2003-10-16	2003-10-31	289	0,615	0,186	0,867	0,746	0,717	0,77	0,69	0,626	0,776															
2003-11-01	2003-11-16	305	0,613	0,145	0,88	0,709	0,682	0,73	0,641	0,594	0,686															
2003-11-17	2003-12-02	321	0,602	0,047	0,928	0,685	0,647	0,745	0,682	0,631	0,745															
2003-12-03	2003-12-18	337	0,667	0,2	0,879	0,689	0,643	0,771	0,709	0,642	0,756															
2003-12-19	2003-01-03	353	0,593	-0,068	0,998	0,641	0,6	0,682	0,661	0,573	0,775															
																										
																										
																										
																										
																										
																										
																										
																										
																										
																										
																										
																										
																										
																										
																										
																										
																										
																										
																										
																										
																										
																										
																										
																										
																										
																										
																										
																										
																										
																										
																										
																										
																										
																										
																										
																										
																										
																										
																										
																										
																										
																										
																										
																										
																										
																										
																										
																										
																										
																										
																										
																										
																										
																										
																										
																										
																										
																										
																										
																										
																										
																										
																										
																										
																										
																										
																										
																										
																										
																										
																										
																										
																										
																										
																										
																										
																										
																										
																										
																										
																										
																										
																										
																										
																										
																										
																										
																										
																										
																										
																										
																										
																										
																										
																										
																										
																										
																										
																										
																										
																										
																										
																										
																										
																										
																										
																										
																										
																										
																										
																										
																										
																										
																										
																										
																										
																										
																										
																										
																										
																										
																										
																										
																										
																										
																										
																										
																										
																										
																										
																										
																										
																										
																										
																										
																										
																										
																										
																										
																										
																										
																										
																										
																										
																										
																										
																										
																										
																										
																										
																										
																										
																										
																										
																										
																										
																										
																										
																										
																										
																										
																										
																										
																										
																										
																										
																										
																										
																										
																										
																										
																										
																										
																										
																										
																										
																										
																										
																										
																										
																										
																										
																										
																										
																										
																										
																										
																										
																										
																										
																										
																										
																										
																										
																										
																										
																										
																										
																										
																										
																										
																										
																										
																										
																										
																										
																										
																										
																										
																										
																										
																										
																										
																										
																										
																										
																										
																										
																										
																										
																										
																										
																										
																										
																										
																										
																										
																										
																										
																										
																										
																										
																										
																										
																										
																										
																										
																										
																										
																										
																										
																										
																										
																										
																										
																										
																										
																										
																										
																										
																										
																										
																										
																										
																										
																										
																										
																										
																										
																										
																										
																										
																										
																										
																										
																										
																										
																										
																										
																										
																										
																										
																										
																										
																										
																										
																										
																										
																										
																										
																										
																										
																										
																										
																										
																										
																										
																										
																										
																										
																										
																										
																										
																										
																										
																										
																										
																										
																										
																										
																										
																										
																										
																										
																										
																										
																										
																										
																										
																										
																										
																										
																										
																										
																										
																										
																										
																										
																										
																										
																										
																										
																										
																										
																										
																										
																										
																										
																										
																										
																										
																										
																										
																										
																										
																										
																										
																										
																										
																										
																										
																										
																										
																										
																										
																										
																										
																										
																										
																										
																										
																										
																										
																										
																										
																										
																										
																										
																										
																										
																										
																										
																										
																										
																										
																										
																										
																										
																										
																										
																										
																										
																										
																										
																										
																										
																										
																										
																										
																										
																										
																										
																										
																										
																										
																										
																										
																										
																										
																										
																										
																										
																										
																										
																										
																										
																										
																										
																										
																										
																										
																										
																										
																										
																										
																										
																										
																										
																										
																										
																										
																										
																										
																										
																										
																										
																										
																										
																										
																										
																										
																										
																										
																										
																										
																										
																										
																										
																										
																										
																										
																										
																										
																										
																										
																										
																										
																										
																										
																										
																										
																										
																										
																										
																										
																										
																										
																										
																										
																										
																										
																										
																										
																										
																										
																										
																										
																										
																										
																										
																										
																										
																										
																										
																										
																										
																										
																										
																										
																										
																										
																										
																										
																										
																										
																										
																										
																										
																										
																										
																										
																										
																										
																										
																										
																										
																										
																										
																										
																										
																										
																										
																										
																										
																										
																										
																										
																										
																										
																										
																										
																										
																										
																										
																										
																										
																										
																										
																										
																										
																										
																										
																										
																										
																										
																										
																										
																										
																										
																										
																										
																										
																										
																										
																										
																										
																										
																										
																										
																										
																										
																										
																										
																										
																										
																										
																										
																										
																										
																										
																										
																										
																										
																										
																										
																										
																										
																										
																										
																										
																										
																										
																										
																										
																										
																										
																										
																										
																										
																										
																										
																										
																										
																										
																										
																										
																										
																										
																										
																										
																										
																										
																										
																										
																										
																										
																										
																										
																										
																										
																										
																										
																										
																										
																										
																										
																										
																										
																										
																										
																										
																										
																										
																										
																										
																										
																										
																										
																										
																										
																										
																										
																										
																										
																										
																										
																										
																										
																										
																										
																										
																										
																										
																										
																										
																										
																										
																										
																										
																										
																										
																										
																										
																										
																										
																										
																										
																										
																										
																										
																										
																										
																										
																										
																										
																										
																										
																										
																										
																										
																										
																										
																										
																										
																										
																										
																										
																										
																										
																										
																										
																										
																										
																										
																										
																										
																										
																										
																										
																										
																										
																										
																										
																										
																										
																										
																										
																										
																										
																										
																										
																										
																										
																										
																										
																										
																										
																										
																										
																										
																										
																										
																										
																										
																										
																										
																										
																										
																										
																										
																										
																										
																										
																										
																										
																										
																										
																										
																										
																										
																										
																										
																										
																										
																										
																										
																										
																										
																										
																										
																										
																										
																										
																										
																										
																										
																										
																										
																										
																										
																										
																										
																										
